Boom
https://assets-global.website-files.com/65df3b7fe076662403fa49a6/65e731cc41eaa37904f97801_BOTTOM_LAYER5.svg

Lower
https://assets-global.website-files.com/65df3b7fe076662403fa49a6/65e731bd9817bde05a2c6db1_TOP_LAYER5.svg

Upper
https://assets-global.website-files.com/65df3b7fe076662403fa49a6/65e73181eb1dfb07ad97324d_BLACK_BORDER2.svg

<svg width={1000} height={1000} style={{width:"100%",height:"100%"}}>
        <path
          fill="rgb(255,68,68)"
          fill-opacity="1"
          d=" M763.2979736328125,2.288100004196167 C775.0166625976562,79.00423431396484 786.7353515625,155.72036743164062 798.4539794921875,232.43649291992188 C859.7333374023438,184.81784057617188 921.0126953125,137.1991729736328 982.2919921875,89.58049774169922 C965.50634765625,165.34950256347656 948.7206420898438,241.11849975585938 931.9349975585938,316.88751220703125 C1006.2780151367188,294.62115478515625 1080.6209716796875,272.3548278808594 1154.9639892578125,250.0885009765625 C1111.9410400390625,314.6771545410156 1068.91796875,379.2658386230469 1025.89501953125,443.8544921875 C1103.2613525390625,449.947509765625 1180.627685546875,456.0404968261719 1257.9940185546875,462.1335144042969 C1194.5439453125,506.81884765625 1131.093994140625,551.504150390625 1067.64404296875,596.1895141601562 C1137.5849609375,629.8191528320312 1207.5260009765625,663.4488525390625 1277.467041015625,697.0784912109375 C1202.15966796875,715.8258056640625 1126.852294921875,734.5731811523438 1051.5450439453125,753.3204956054688 C1104.6143798828125,809.9445190429688 1157.6837158203125,866.5684814453125 1210.7530517578125,923.1925048828125 C1133.7586669921875,913.469482421875 1056.7642822265625,903.7465209960938 979.77001953125,894.0234985351562 C1008.8006591796875,965.9961547851562 1037.831298828125,1037.9688720703125 1066.862060546875,1109.9415283203125 C998.579345703125,1073.0615234375 930.2966918945312,1036.1815185546875 862.0139770507812,999.301513671875 C863.0853271484375,1076.898193359375 864.1566772460938,1154.494873046875 865.22802734375,1232.091552734375 C814.878662109375,1173.0347900390625 764.5293579101562,1113.9781494140625 714.1799926757812,1054.9215087890625 C687.1473388671875,1127.668212890625 660.1146850585938,1200.414794921875 633.0819702148438,1273.1614990234375 C607.46630859375,1199.90478515625 581.8506469726562,1126.648193359375 556.2349853515625,1053.3914794921875 C504.7488708496094,1111.4581298828125 453.2627258300781,1169.5247802734375 401.776611328125,1227.591552734375 C404.35406494140625,1150.0281982421875 406.9315185546875,1072.46484375 409.5090026855469,994.9014892578125 C340.52301025390625,1030.4515380859375 271.5369873046875,1066.00146484375 202.55099487304688,1101.551513671875 C232.97349548339844,1030.1561279296875 263.39599609375,958.7608032226562 293.8185119628906,887.365478515625 C216.64999389648438,895.5921630859375 139.48150634765625,903.81884765625 62.3129997253418,912.0454711914062 C116.47149658203125,856.462158203125 170.6300048828125,800.8788452148438 224.7884979248047,745.2954711914062 C149.85899353027344,725.0901489257812 74.92949676513672,704.8848266601562 0,684.6795043945312 C70.58056640625,652.413818359375 141.1611328125,620.148193359375 211.74169921875,587.8825073242188 C149.17112731933594,541.9738159179688 86.6005630493164,496.0651550292969 24.030000686645508,450.156494140625 C101.50003051757812,445.566162109375 178.97006225585938,440.975830078125 256.4400939941406,436.385498046875 C214.67906188964844,370.9738464355469 172.91802978515625,305.5621643066406 131.15699768066406,240.15049743652344 C205.0536651611328,263.8558349609375 278.9503479003906,287.5611572265625 352.84698486328125,311.2665100097656 C337.53521728515625,235.18617248535156 322.22344970703125,159.1058349609375 306.91168212890625,83.02549743652344 C367.255126953125,131.82449340820312 427.59857177734375,180.62350463867188 487.9419860839844,229.42250061035156 C501.1476745605469,152.94833374023438 514.3533325195312,76.47416687011719 527.5590209960938,0 C566.1993408203125,67.30216979980469 604.8396606445312,134.60433959960938 643.47998046875,201.906494140625 C683.4193115234375,135.36703491210938 723.358642578125,68.82756805419922 763.2979736328125,2.288100004196167 C763.2979736328125,2.288100004196167 763.2979736328125,2.288100004196167 763.2979736328125,2.288100004196167 C763.2979736328125,2.288100004196167 763.2979736328125,2.288100004196167 763.2979736328125,2.288100004196167 C763.2979736328125,2.288100004196167 763.2979736328125,2.288100004196167 763.2979736328125,2.288100004196167z"
        ></path>
        <path
          fill="rgb(232,57,57)"
          fill-opacity="1"
          d=" M482.9075927734375,1.4479999542236328 C490.32159423828125,49.983001708984375 497.735595703125,98.51799774169922 505.14959716796875,147.05299377441406 C543.9185791015625,116.927001953125 582.6876220703125,86.8010025024414 621.4566040039062,56.67499923706055 C610.8369140625,104.61066436767578 600.21728515625,152.5463409423828 589.5975952148438,200.48199462890625 C636.631591796875,186.39500427246094 683.6655883789062,172.30799865722656 730.6995849609375,158.2209930419922 C703.4805908203125,199.0836639404297 676.2615966796875,239.9463348388672 649.0426025390625,280.8089904785156 C697.9889526367188,284.66400146484375 746.9352416992188,288.5190124511719 795.881591796875,292.3739929199219 C755.7396240234375,320.6446533203125 715.5975952148438,348.91534423828125 675.4556274414062,377.1860046386719 C719.7042846679688,398.4620056152344 763.9529418945312,419.7380065917969 808.2015991210938,441.0140075683594 C760.5576171875,452.8746643066406 712.91357421875,464.7353210449219 665.2695922851562,476.59600830078125 C698.8446044921875,512.419677734375 732.4196166992188,548.2433471679688 765.99462890625,584.0670166015625 C717.2832641601562,577.9156494140625 668.5719604492188,571.7643432617188 619.860595703125,565.6129760742188 C638.227294921875,611.1463623046875 656.5939331054688,656.6796875 674.9605712890625,702.2130126953125 C631.7609252929688,678.8806762695312 588.561279296875,655.54833984375 545.361572265625,632.2160034179688 C546.0392456054688,681.309326171875 546.7169189453125,730.4026489257812 547.3945922851562,779.4959716796875 C515.5405883789062,742.1336669921875 483.6866149902344,704.7713623046875 451.8326110839844,667.4089965820312 C434.72991943359375,713.4313354492188 417.62725830078125,759.4536743164062 400.52459716796875,805.4760131835938 C384.318603515625,759.1303100585938 368.11260986328125,712.78466796875 351.9065856933594,666.4390258789062 C319.3335876464844,703.1746826171875 286.7605895996094,739.9103393554688 254.18760681152344,776.64599609375 C255.81826782226562,727.5763549804688 257.4489440917969,678.5066528320312 259.07958984375,629.43701171875 C215.43502807617188,651.9266967773438 171.79046630859375,674.4163208007812 128.14590454101562,696.906005859375 C147.39280700683594,651.7376708984375 166.6396942138672,606.5693359375 185.8865966796875,561.4010009765625 C137.0652313232422,566.6056518554688 88.24386596679688,571.8103637695312 39.42250061035156,577.0150146484375 C73.6865005493164,541.8496704101562 107.95050048828125,506.684326171875 142.21449279785156,471.5190124511719 C94.8096694946289,458.73565673828125 47.40483474731445,445.95233154296875 0,433.16900634765625 C44.65343475341797,412.7560119628906 89.30686950683594,392.3429870605469 133.96029663085938,371.92999267578125 C94.37443542480469,342.8853454589844 54.78856658935547,313.8406677246094 15.202699661254883,284.7959899902344 C64.21483612060547,281.8919982910156 113.22696685791016,278.9880065917969 162.23910522460938,276.0840148925781 C135.81846618652344,234.70066833496094 109.39783477783203,193.3173370361328 82.97720336914062,151.9340057373047 C129.72866821289062,166.93133544921875 176.48013305664062,181.9286651611328 223.23159790039062,196.92599487304688 C213.5446014404297,148.79299926757812 203.85760498046875,100.66000366210938 194.17059326171875,52.527000427246094 C232.34725952148438,83.40032958984375 270.52392578125,114.27366638183594 308.7005920410156,145.14700317382812 C317.0552673339844,96.76466369628906 325.4099426269531,48.38233184814453 333.76458740234375,0 C358.2109375,42.57966613769531 382.6572570800781,85.15933227539062 407.1036071777344,127.73899841308594 C432.3716125488281,85.64199829101562 457.63958740234375,43.54499816894531 482.9075927734375,1.4479999542236328 C482.9075927734375,1.4479999542236328 482.9075927734375,1.4479999542236328 482.9075927734375,1.4479999542236328 C482.9075927734375,1.4479999542236328 482.9075927734375,1.4479999542236328 482.9075927734375,1.4479999542236328 C482.9075927734375,1.4479999542236328 482.9075927734375,1.4479999542236328 482.9075927734375,1.4479999542236328z"
        ></path>
        <path
          fill="rgb(212,46,46)"
          fill-opacity="1"
          d=" M224.940185546875,0.6744838953018188 C228.39364624023438,23.282270431518555 231.8471221923828,45.89005661010742 235.30059814453125,68.49784088134766 C253.35934448242188,54.46503829956055 271.4180908203125,40.43223190307617 289.4768371582031,26.399429321289062 C284.5301513671875,48.72804260253906 279.5834655761719,71.05665588378906 274.63677978515625,93.38526916503906 C296.54541015625,86.82349395751953 318.4540100097656,80.26171875 340.3626403808594,73.69993591308594 C327.6839294433594,92.73392486572266 315.0052185058594,111.76790618896484 302.3265075683594,130.80189514160156 C325.1258850097656,132.59756469726562 347.9252624511719,134.3932342529297 370.7246398925781,136.1889190673828 C352.0263671875,149.3574981689453 333.32806396484375,162.5260772705078 314.6297607421875,175.6946563720703 C335.240966796875,185.6051025390625 355.8521728515625,195.5155487060547 376.4633483886719,205.4259796142578 C354.2705993652344,210.9507293701172 332.0778503417969,216.47547912597656 309.8851013183594,222.00021362304688 C325.5244445800781,238.68701171875 341.163818359375,255.37380981445312 356.8031921386719,272.06060791015625 C334.1132507324219,269.1953125 311.42333984375,266.3299865722656 288.7333984375,263.46466064453125 C297.2886657714844,284.67425537109375 305.84393310546875,305.8838806152344 314.3992004394531,327.0934753417969 C294.2766418457031,316.2251892089844 274.154052734375,305.3569030761719 254.031494140625,294.48858642578125 C254.34715270996094,317.3564453125 254.66281127929688,340.2243347167969 254.9784698486328,363.0921936035156 C240.14076232910156,345.68865966796875 225.30303955078125,328.28515625 210.46533203125,310.8816223144531 C202.49884033203125,332.3190002441406 194.53236389160156,353.7563781738281 186.5658721923828,375.1937561035156 C179.01705932617188,353.60577392578125 171.46824645996094,332.0177917480469 163.91941833496094,310.4298095703125 C148.74679565429688,327.5414123535156 133.5741729736328,344.65301513671875 118.40154266357422,361.7646484375 C119.16111755371094,338.9078063964844 119.92068481445312,316.05096435546875 120.68025970458984,293.1941223144531 C100.35044860839844,303.6698913574219 80.02064514160156,314.1456604003906 59.69084548950195,324.6214599609375 C68.65612030029297,303.5818786621094 77.62139892578125,282.54229736328125 86.58667755126953,261.5027160644531 C63.84550476074219,263.92706298828125 41.10432815551758,266.3514099121094 18.363149642944336,268.7757568359375 C34.323448181152344,252.39561462402344 50.28375244140625,236.01547241210938 66.24404907226562,219.6353302001953 C44.16270065307617,213.68080139160156 22.081350326538086,207.72628784179688 0,201.77175903320312 C20.79973793029785,192.2633056640625 41.5994758605957,182.75485229492188 62.39921188354492,173.24639892578125 C43.95996856689453,159.71728515625 25.520721435546875,146.18817138671875 7.081475257873535,132.6590576171875 C29.91151237487793,131.3063507080078 52.74155044555664,129.9536590576172 75.57158660888672,128.60096740722656 C63.26475524902344,109.32445526123047 50.957923889160156,90.04794311523438 38.651092529296875,70.77143096923828 C60.428104400634766,77.75724792480469 82.20511627197266,84.74305725097656 103.98212432861328,91.72887420654297 C99.46987915039062,69.30834197998047 94.9576416015625,46.88780975341797 90.44539642333984,24.467275619506836 C108.22823333740234,38.84819030761719 126.01107025146484,53.22910690307617 143.7938995361328,67.61002349853516 C147.685546875,45.07334899902344 151.57717895507812,22.53667449951172 155.46881103515625,0 C166.8560028076172,19.833768844604492 178.24319458007812,39.667537689208984 189.63040161132812,59.50130844116211 C201.40032958984375,39.89236831665039 213.17025756835938,20.28342628479004 224.940185546875,0.6744838953018188 C224.940185546875,0.6744838953018188 224.940185546875,0.6744838953018188 224.940185546875,0.6744838953018188 C224.940185546875,0.6744838953018188 224.940185546875,0.6744838953018188 224.940185546875,0.6744838953018188 C224.940185546875,0.6744838953018188 224.940185546875,0.6744838953018188 224.940185546875,0.6744838953018188z"
        ></path>
      </svg>